599594
600353
600638
600356
580831
599571
600300
730928
730977
731298
730921
729742
730648
730914
580300
731718
599577
732091
597194
599665
597219
596329
731469
730965
732136
597958
587068
730982
599590
599708
730465
731685
731705
730973
731700
730480
730470
599533
730512
599622
599505
600647
597168
599626
731303
730475
599642
599537
731024
730416
599696
729826
731695
580737
587738
731408
731420
585634
730636
599700
598014
731012
730499
599546
732116
596980
731016
731743
599618
584992
599692
597954
730644
599525
599657
730969
730942
730455
730640
730957
730495
599610
599646
731000
730652
596998
730949
731728
731007
729818
730656
599614
600595
597178
603810
597950
580469
596994
596307
599688
731020
731478
731723
731690
599501
585926
599598
731680
730935
729807
730412
730459
730679
600174
599556
597057
580811
580355
730407
730503
600577
731458
731436
587033
731738
596940
732126
730517
599521
600051
730490
730451
585272
730485
587407
731733
598073
608283
599513
598069
583875
585329
580738
600267
598065
608275
600205
585363
597010
617629
598214
586270
585419
600650
597982
597994
584817
600152
600641
617612
597226
599375
599634
596837
587818
584851
599191
587730
584795
585983
597164
580465
597146
599669
585475
600653
587726
597974
597254
585415
587830
599203
600102
587931
599630
600138
587684
600213
587201
598496
587822
600360
599037
587720
596973
610480
599339
587927
597402
586266
604109
582508
600296
585369
580807
580816
582593
599471
587857
584756
584980
599359
605925
600573
584894
582631
599239
580786
600182
599602
612295
597391
586212
580821
584937
596932
600607
585972
597427
600002
587329
605961
605973
597986
587842
598053
584912
586199
587558
587838
580801
610469
603842
584906
605965
597036
586944
597447
585979
617621
600255
584824
584887
586336
597998
583157
599371
599332
582515
597534
585375
600538
585943
597962
599344
584959
585408
597527
586241
585310
584880
585954
599466
599564
585216
599550
600656
585934
584862
600194
597316
599265
599712
580468
599567
599019
583879
602811
586252
599720
600156
587886
597268
583127
600170
600220
582626
598018
584737
599318
580347
600055
610475
584593
598081
600259
599638
598282
599988
587867
582600
585755
585468
584690
608184
598183
605933
588022
587044
585342
600405
599954
600535
597434
599380
599208
597272
598258
615935
580844
608198
585968
600384
617635
587074
598175
598269
597030
586190
597230
597464
585304
597990
596987
587680
599131
600659
602797
585244
599976
599138
587814
597978
602630
587848
585390
586203
598218
582618
587878
585346
586258
600398
600243
585938
587919
599684
580492
600601
585949
585559
587027
585397
618744
600006
584902
582519
599225
599044
582614
600134
597323
602830
585930
600528
597442
596319
599348
599015
608137
608212
607967
602815
605989
598996
596827
600518
598359
599070
584685
584696
599583
583142
600487
584874
602821
582638
600337
610173
600480
605969
584748
605985
598203
602806
584898
813404
813641
815245
813448
813574
813428
813551
813614
813621
813490
762126
762134
762118
762105
762161
762154
762142
762150
762055
762059
762043
762050
762084
762095
762066
762077
762168
762224
762232
762216
762220
605977
761982
762243
605981
762184
762189
762175
762179
762205
762212
762193
762197
762033
761847
761854
761840
761828
761835
761889
761897
761875
761861
761865
761712
761718
761702
608217
761345
761812
761821
761805
761771
761789
608189
761989
761978
761961
761971
762022
762026
762018
761996
762003
761924
761931
761918
761909
761913
761950
761954
761946
761935
761942
