480846
480847
480850
480852
480853
480854
480856
480857
480859
480860
480861
480883
480884
480886
480888
480890
480892
480896
480897
480898
480899
480900
480901
480905
480973
480974
480975
480976
480984
480998
480999
481003
481004
481005
481011
481012
481013
481014
481015
481016
481026
481027
481028
481029
481030
481031
481032
481033
481034
481035
481036
481037
481038
481040
481041
481042
481043
481045
481048
481049
481050
481052
481054
481057
481059
481060
481061
481062
481063
481064
481065
481066
481068
481069
481070
481074
481075
481081
481083
481084
481085
481086
481092
481094
481103
481381
481382
481383
481384
481385
481386
481387
481388
481389
481393
481394
481395
481396
481398
481399
481400
481401
481402
481424
481425
481436
481438
481470
481528
481535
481548
483041
483052
486462
527090
527091
527092
527093
527094
533905
790273
790814
791040
791041
791661
795328
795834
795837
795838
795839
795840
797289
815682
815683
815684
