383595
385737
385860
386215
386734
387078
387153
387198
390723
392323
392373
392532
392589
392684
392688
392997
393062
393120
393166
393198
393756
393760
393762
393860
393900
393911
394273
394306
394474
394487
394853
394965
395197
395490
395600
395656
395917
395952
396114
396133
396188
396228
396456
396460
396706
396718
396742
396988
397134
397165
397201
397348
397409
397455
397601
397702
505312
506394
506519
535195
535196
561121
561413
561415
561416
808227
808230
808241
808246
808255
808285
808305
808450
808484
808502
808513
808896
